0 1 3 6 10 15 21 28 36 45 55 66 78 91 105 120 136 153 171 190 210 231 253 276 300 325 351 378 406 435 465 496 528 561 595 630 666 703 741 780 820 861 903 946 990 1035 1081 1128 1176 1225 1275 1326 1378 1431 1485 1540 1596 1653 1711 1770 1830 1891 1953 2016 
1 4 9 16 25 36 49 64 81 100 121 144 169 196 225 256 289 324 361 400 441 484 529 576 625 676 729 784 841 900 961 1024 1089 1156 1225 1296 1369 1444 1521 1600 1681 1764 1849 1936 2025 2116 2209 2304 2401 2500 2601 2704 2809 2916 3025 3136 3249 3364 3481 3600 3721 3844 3969 4096 
3 9 18 30 45 63 84 108 135 165 198 234 273 315 360 408 459 513 570 630 693 759 828 900 975 1053 1134 1218 1305 1395 1488 1584 1683 1785 1890 1998 2109 2223 2340 2460 2583 2709 2838 2970 3105 3243 3384 3528 3675 3825 3978 4134 4293 4455 4620 4788 4959 5133 5310 5490 5673 5859 6048 6240 
6 16 30 48 70 96 126 160 198 240 286 336 390 448 510 576 646 720 798 880 966 1056 1150 1248 1350 1456 1566 1680 1798 1920 2046 2176 2310 2448 2590 2736 2886 3040 3198 3360 3526 3696 3870 4048 4230 4416 4606 4800 4998 5200 5406 5616 5830 6048 6270 6496 6726 6960 7198 7440 7686 7936 8190 8448 
10 25 45 70 100 135 175 220 270 325 385 450 520 595 675 760 850 945 1045 1150 1260 1375 1495 1620 1750 1885 2025 2170 2320 2475 2635 2800 2970 3145 3325 3510 3700 3895 4095 4300 4510 4725 4945 5170 5400 5635 5875 6120 6370 6625 6885 7150 7420 7695 7975 8260 8550 8845 9145 9450 9760 10075 10395 10720 
15 36 63 96 135 180 231 288 351 420 495 576 663 756 855 960 1071 1188 1311 1440 1575 1716 1863 2016 2175 2340 2511 2688 2871 3060 3255 3456 3663 3876 4095 4320 4551 4788 5031 5280 5535 5796 6063 6336 6615 6900 7191 7488 7791 8100 8415 8736 9063 9396 9735 10080 10431 10788 11151 11520 11895 12276 12663 13056 
21 49 84 126 175 231 294 364 441 525 616 714 819 931 1050 1176 1309 1449 1596 1750 1911 2079 2254 2436 2625 2821 3024 3234 3451 3675 3906 4144 4389 4641 4900 5166 5439 5719 6006 6300 6601 6909 7224 7546 7875 8211 8554 8904 9261 9625 9996 10374 10759 11151 11550 11956 12369 12789 13216 13650 14091 14539 14994 15456 
28 64 108 160 220 288 364 448 540 640 748 864 988 1120 1260 1408 1564 1728 1900 2080 2268 2464 2668 2880 3100 3328 3564 3808 4060 4320 4588 4864 5148 5440 5740 6048 6364 6688 7020 7360 7708 8064 8428 8800 9180 9568 9964 10368 10780 11200 11628 12064 12508 12960 13420 13888 14364 14848 15340 15840 16348 16864 17388 17920 
36 81 135 198 270 351 441 540 648 765 891 1026 1170 1323 1485 1656 1836 2025 2223 2430 2646 2871 3105 3348 3600 3861 4131 4410 4698 4995 5301 5616 5940 6273 6615 6966 7326 7695 8073 8460 8856 9261 9675 10098 10530 10971 11421 11880 12348 12825 13311 13806 14310 14823 15345 15876 16416 16965 17523 18090 18666 19251 19845 20448 
45 100 165 240 325 420 525 640 765 900 1045 1200 1365 1540 1725 1920 2125 2340 2565 2800 3045 3300 3565 3840 4125 4420 4725 5040 5365 5700 6045 6400 6765 7140 7525 7920 8325 8740 9165 9600 10045 10500 10965 11440 11925 12420 12925 13440 13965 14500 15045 15600 16165 16740 17325 17920 18525 19140 19765 20400 21045 21700 22365 23040 
55 121 198 286 385 495 616 748 891 1045 1210 1386 1573 1771 1980 2200 2431 2673 2926 3190 3465 3751 4048 4356 4675 5005 5346 5698 6061 6435 6820 7216 7623 8041 8470 8910 9361 9823 10296 10780 11275 11781 12298 12826 13365 13915 14476 15048 15631 16225 16830 17446 18073 18711 19360 20020 20691 21373 22066 22770 23485 24211 24948 25696 
66 144 234 336 450 576 714 864 1026 1200 1386 1584 1794 2016 2250 2496 2754 3024 3306 3600 3906 4224 4554 4896 5250 5616 5994 6384 6786 7200 7626 8064 8514 8976 9450 9936 10434 10944 11466 12000 12546 13104 13674 14256 14850 15456 16074 16704 17346 18000 18666 19344 20034 20736 21450 22176 22914 23664 24426 25200 25986 26784 27594 28416 
78 169 273 390 520 663 819 988 1170 1365 1573 1794 2028 2275 2535 2808 3094 3393 3705 4030 4368 4719 5083 5460 5850 6253 6669 7098 7540 7995 8463 8944 9438 9945 10465 10998 11544 12103 12675 13260 13858 14469 15093 15730 16380 17043 17719 18408 19110 19825 20553 21294 22048 22815 23595 24388 25194 26013 26845 27690 28548 29419 30303 31200 
91 196 315 448 595 756 931 1120 1323 1540 1771 2016 2275 2548 2835 3136 3451 3780 4123 4480 4851 5236 5635 6048 6475 6916 7371 7840 8323 8820 9331 9856 10395 10948 11515 12096 12691 13300 13923 14560 15211 15876 16555 17248 17955 18676 19411 20160 20923 21700 22491 23296 24115 24948 25795 26656 27531 28420 29323 30240 31171 32116 33075 34048 
105 225 360 510 675 855 1050 1260 1485 1725 1980 2250 2535 2835 3150 3480 3825 4185 4560 4950 5355 5775 6210 6660 7125 7605 8100 8610 9135 9675 10230 10800 11385 11985 12600 13230 13875 14535 15210 15900 16605 17325 18060 18810 19575 20355 21150 21960 22785 23625 24480 25350 26235 27135 28050 28980 29925 30885 31860 32850 33855 34875 35910 36960 
120 256 408 576 760 960 1176 1408 1656 1920 2200 2496 2808 3136 3480 3840 4216 4608 5016 5440 5880 6336 6808 7296 7800 8320 8856 9408 9976 10560 11160 11776 12408 13056 13720 14400 15096 15808 16536 17280 18040 18816 19608 20416 21240 22080 22936 23808 24696 25600 26520 27456 28408 29376 30360 31360 32376 33408 34456 35520 36600 37696 38808 39936 
136 289 459 646 850 1071 1309 1564 1836 2125 2431 2754 3094 3451 3825 4216 4624 5049 5491 5950 6426 6919 7429 7956 8500 9061 9639 10234 10846 11475 12121 12784 13464 14161 14875 15606 16354 17119 17901 18700 19516 20349 21199 22066 22950 23851 24769 25704 26656 27625 28611 29614 30634 31671 32725 33796 34884 35989 37111 38250 39406 40579 41769 42976 
153 324 513 720 945 1188 1449 1728 2025 2340 2673 3024 3393 3780 4185 4608 5049 5508 5985 6480 6993 7524 8073 8640 9225 9828 10449 11088 11745 12420 13113 13824 14553 15300 16065 16848 17649 18468 19305 20160 21033 21924 22833 23760 24705 25668 26649 27648 28665 29700 30753 31824 32913 34020 35145 36288 37449 38628 39825 41040 42273 43524 44793 46080 
171 361 570 798 1045 1311 1596 1900 2223 2565 2926 3306 3705 4123 4560 5016 5491 5985 6498 7030 7581 8151 8740 9348 9975 10621 11286 11970 12673 13395 14136 14896 15675 16473 17290 18126 18981 19855 20748 21660 22591 23541 24510 25498 26505 27531 28576 29640 30723 31825 32946 34086 35245 36423 37620 38836 40071 41325 42598 43890 45201 46531 47880 49248 
190 400 630 880 1150 1440 1750 2080 2430 2800 3190 3600 4030 4480 4950 5440 5950 6480 7030 7600 8190 8800 9430 10080 10750 11440 12150 12880 13630 14400 15190 16000 16830 17680 18550 19440 20350 21280 22230 23200 24190 25200 26230 27280 28350 29440 30550 31680 32830 34000 35190 36400 37630 38880 40150 41440 42750 44080 45430 46800 48190 49600 51030 52480 
210 441 693 966 1260 1575 1911 2268 2646 3045 3465 3906 4368 4851 5355 5880 6426 6993 7581 8190 8820 9471 10143 10836 11550 12285 13041 13818 14616 15435 16275 17136 18018 18921 19845 20790 21756 22743 23751 24780 25830 26901 27993 29106 30240 31395 32571 33768 34986 36225 37485 38766 40068 41391 42735 44100 45486 46893 48321 49770 51240 52731 54243 55776 
231 484 759 1056 1375 1716 2079 2464 2871 3300 3751 4224 4719 5236 5775 6336 6919 7524 8151 8800 9471 10164 10879 11616 12375 13156 13959 14784 15631 16500 17391 18304 19239 20196 21175 22176 23199 24244 25311 26400 27511 28644 29799 30976 32175 33396 34639 35904 37191 38500 39831 41184 42559 43956 45375 46816 48279 49764 51271 52800 54351 55924 57519 59136 
253 529 828 1150 1495 1863 2254 2668 3105 3565 4048 4554 5083 5635 6210 6808 7429 8073 8740 9430 10143 10879 11638 12420 13225 14053 14904 15778 16675 17595 18538 19504 20493 21505 22540 23598 24679 25783 26910 28060 29233 30429 31648 32890 34155 35443 36754 38088 39445 40825 42228 43654 45103 46575 48070 49588 51129 52693 54280 55890 57523 59179 60858 62560 
276 576 900 1248 1620 2016 2436 2880 3348 3840 4356 4896 5460 6048 6660 7296 7956 8640 9348 10080 10836 11616 12420 13248 14100 14976 15876 16800 17748 18720 19716 20736 21780 22848 23940 25056 26196 27360 28548 29760 30996 32256 33540 34848 36180 37536 38916 40320 41748 43200 44676 46176 47700 49248 50820 52416 54036 55680 57348 59040 60756 62496 64260 66048 
300 625 975 1350 1750 2175 2625 3100 3600 4125 4675 5250 5850 6475 7125 7800 8500 9225 9975 10750 11550 12375 13225 14100 15000 15925 16875 17850 18850 19875 20925 22000 23100 24225 25375 26550 27750 28975 30225 31500 32800 34125 35475 36850 38250 39675 41125 42600 44100 45625 47175 48750 50350 51975 53625 55300 57000 58725 60475 62250 64050 65875 67725 69600 
325 676 1053 1456 1885 2340 2821 3328 3861 4420 5005 5616 6253 6916 7605 8320 9061 9828 10621 11440 12285 13156 14053 14976 15925 16900 17901 18928 19981 21060 22165 23296 24453 25636 26845 28080 29341 30628 31941 33280 34645 36036 37453 38896 40365 41860 43381 44928 46501 48100 49725 51376 53053 54756 56485 58240 60021 61828 63661 65520 67405 69316 71253 73216 
351 729 1134 1566 2025 2511 3024 3564 4131 4725 5346 5994 6669 7371 8100 8856 9639 10449 11286 12150 13041 13959 14904 15876 16875 17901 18954 20034 21141 22275 23436 24624 25839 27081 28350 29646 30969 32319 33696 35100 36531 37989 39474 40986 42525 44091 45684 47304 48951 50625 52326 54054 55809 57591 59400 61236 63099 64989 66906 68850 70821 72819 74844 76896 
378 784 1218 1680 2170 2688 3234 3808 4410 5040 5698 6384 7098 7840 8610 9408 10234 11088 11970 12880 13818 14784 15778 16800 17850 18928 20034 21168 22330 23520 24738 25984 27258 28560 29890 31248 32634 34048 35490 36960 38458 39984 41538 43120 44730 46368 48034 49728 51450 53200 54978 56784 58618 60480 62370 64288 66234 68208 70210 72240 74298 76384 78498 80640 
406 841 1305 1798 2320 2871 3451 4060 4698 5365 6061 6786 7540 8323 9135 9976 10846 11745 12673 13630 14616 15631 16675 17748 18850 19981 21141 22330 23548 24795 26071 27376 28710 30073 31465 32886 34336 35815 37323 38860 40426 42021 43645 45298 46980 48691 50431 52200 53998 55825 57681 59566 61480 63423 65395 67396 69426 71485 73573 75690 77836 80011 82215 84448 
435 900 1395 1920 2475 3060 3675 4320 4995 5700 6435 7200 7995 8820 9675 10560 11475 12420 13395 14400 15435 16500 17595 18720 19875 21060 22275 23520 24795 26100 27435 28800 30195 31620 33075 34560 36075 37620 39195 40800 42435 44100 45795 47520 49275 51060 52875 54720 56595 58500 60435 62400 64395 66420 68475 70560 72675 74820 76995 79200 81435 83700 85995 88320 
465 961 1488 2046 2635 3255 3906 4588 5301 6045 6820 7626 8463 9331 10230 11160 12121 13113 14136 15190 16275 17391 18538 19716 20925 22165 23436 24738 26071 27435 28830 30256 31713 33201 34720 36270 37851 39463 41106 42780 44485 46221 47988 49786 51615 53475 55366 57288 59241 61225 63240 65286 67363 69471 71610 73780 75981 78213 80476 82770 85095 87451 89838 92256 
496 1024 1584 2176 2800 3456 4144 4864 5616 6400 7216 8064 8944 9856 10800 11776 12784 13824 14896 16000 17136 18304 19504 20736 22000 23296 24624 25984 27376 28800 30256 31744 33264 34816 36400 38016 39664 41344 43056 44800 46576 48384 50224 52096 54000 55936 57904 59904 61936 64000 66096 68224 70384 72576 74800 77056 79344 81664 84016 86400 88816 91264 93744 96256 
528 1089 1683 2310 2970 3663 4389 5148 5940 6765 7623 8514 9438 10395 11385 12408 13464 14553 15675 16830 18018 19239 20493 21780 23100 24453 25839 27258 28710 30195 31713 33264 34848 36465 38115 39798 41514 43263 45045 46860 48708 50589 52503 54450 56430 58443 60489 62568 64680 66825 69003 71214 73458 75735 78045 80388 82764 85173 87615 90090 92598 95139 97713 100320 
561 1156 1785 2448 3145 3876 4641 5440 6273 7140 8041 8976 9945 10948 11985 13056 14161 15300 16473 17680 18921 20196 21505 22848 24225 25636 27081 28560 30073 31620 33201 34816 36465 38148 39865 41616 43401 45220 47073 48960 50881 52836 54825 56848 58905 60996 63121 65280 67473 69700 71961 74256 76585 78948 81345 83776 86241 88740 91273 93840 96441 99076 101745 104448 
595 1225 1890 2590 3325 4095 4900 5740 6615 7525 8470 9450 10465 11515 12600 13720 14875 16065 17290 18550 19845 21175 22540 23940 25375 26845 28350 29890 31465 33075 34720 36400 38115 39865 41650 43470 45325 47215 49140 51100 53095 55125 57190 59290 61425 63595 65800 68040 70315 72625 74970 77350 79765 82215 84700 87220 89775 92365 94990 97650 100345 103075 105840 108640 
630 1296 1998 2736 3510 4320 5166 6048 6966 7920 8910 9936 10998 12096 13230 14400 15606 16848 18126 19440 20790 22176 23598 25056 26550 28080 29646 31248 32886 34560 36270 38016 39798 41616 43470 45360 47286 49248 51246 53280 55350 57456 59598 61776 63990 66240 68526 70848 73206 75600 78030 80496 82998 85536 88110 90720 93366 96048 98766 101520 104310 107136 109998 112896 
666 1369 2109 2886 3700 4551 5439 6364 7326 8325 9361 10434 11544 12691 13875 15096 16354 17649 18981 20350 21756 23199 24679 26196 27750 29341 30969 32634 34336 36075 37851 39664 41514 43401 45325 47286 49284 51319 53391 55500 57646 59829 62049 64306 66600 68931 71299 73704 76146 78625 81141 83694 86284 88911 91575 94276 97014 99789 102601 105450 108336 111259 114219 117216 
703 1444 2223 3040 3895 4788 5719 6688 7695 8740 9823 10944 12103 13300 14535 15808 17119 18468 19855 21280 22743 24244 25783 27360 28975 30628 32319 34048 35815 37620 39463 41344 43263 45220 47215 49248 51319 53428 55575 57760 59983 62244 64543 66880 69255 71668 74119 76608 79135 81700 84303 86944 89623 92340 95095 97888 100719 103588 106495 109440 112423 115444 118503 121600 
741 1521 2340 3198 4095 5031 6006 7020 8073 9165 10296 11466 12675 13923 15210 16536 17901 19305 20748 22230 23751 25311 26910 28548 30225 31941 33696 35490 37323 39195 41106 43056 45045 47073 49140 51246 53391 55575 57798 60060 62361 64701 67080 69498 71955 74451 76986 79560 82173 84825 87516 90246 93015 95823 98670 101556 104481 107445 110448 113490 116571 119691 122850 126048 
780 1600 2460 3360 4300 5280 6300 7360 8460 9600 10780 12000 13260 14560 15900 17280 18700 20160 21660 23200 24780 26400 28060 29760 31500 33280 35100 36960 38860 40800 42780 44800 46860 48960 51100 53280 55500 57760 60060 62400 64780 67200 69660 72160 74700 77280 79900 82560 85260 88000 90780 93600 96460 99360 102300 105280 108300 111360 114460 117600 120780 124000 127260 130560 
820 1681 2583 3526 4510 5535 6601 7708 8856 10045 11275 12546 13858 15211 16605 18040 19516 21033 22591 24190 25830 27511 29233 30996 32800 34645 36531 38458 40426 42435 44485 46576 48708 50881 53095 55350 57646 59983 62361 64780 67240 69741 72283 74866 77490 80155 82861 85608 88396 91225 94095 97006 99958 102951 105985 109060 112176 115333 118531 121770 125050 128371 131733 135136 
861 1764 2709 3696 4725 5796 6909 8064 9261 10500 11781 13104 14469 15876 17325 18816 20349 21924 23541 25200 26901 28644 30429 32256 34125 36036 37989 39984 42021 44100 46221 48384 50589 52836 55125 57456 59829 62244 64701 67200 69741 72324 74949 77616 80325 83076 85869 88704 91581 94500 97461 100464 103509 106596 109725 112896 116109 119364 122661 126000 129381 132804 136269 139776 
903 1849 2838 3870 4945 6063 7224 8428 9675 10965 12298 13674 15093 16555 18060 19608 21199 22833 24510 26230 27993 29799 31648 33540 35475 37453 39474 41538 43645 45795 47988 50224 52503 54825 57190 59598 62049 64543 67080 69660 72283 74949 77658 80410 83205 86043 88924 91848 94815 97825 100878 103974 107113 110295 113520 116788 120099 123453 126850 130290 133773 137299 140868 144480 
946 1936 2970 4048 5170 6336 7546 8800 10098 11440 12826 14256 15730 17248 18810 20416 22066 23760 25498 27280 29106 30976 32890 34848 36850 38896 40986 43120 45298 47520 49786 52096 54450 56848 59290 61776 64306 66880 69498 72160 74866 77616 80410 83248 86130 89056 92026 95040 98098 101200 104346 107536 110770 114048 117370 120736 124146 127600 131098 134640 138226 141856 145530 149248 
990 2025 3105 4230 5400 6615 7875 9180 10530 11925 13365 14850 16380 17955 19575 21240 22950 24705 26505 28350 30240 32175 34155 36180 38250 40365 42525 44730 46980 49275 51615 54000 56430 58905 61425 63990 66600 69255 71955 74700 77490 80325 83205 86130 89100 92115 95175 98280 101430 104625 107865 111150 114480 117855 121275 124740 128250 131805 135405 139050 142740 146475 150255 154080 
1035 2116 3243 4416 5635 6900 8211 9568 10971 12420 13915 15456 17043 18676 20355 22080 23851 25668 27531 29440 31395 33396 35443 37536 39675 41860 44091 46368 48691 51060 53475 55936 58443 60996 63595 66240 68931 71668 74451 77280 80155 83076 86043 89056 92115 95220 98371 101568 104811 108100 111435 114816 118243 121716 125235 128800 132411 136068 139771 143520 147315 151156 155043 158976 
1081 2209 3384 4606 5875 7191 8554 9964 11421 12925 14476 16074 17719 19411 21150 22936 24769 26649 28576 30550 32571 34639 36754 38916 41125 43381 45684 48034 50431 52875 55366 57904 60489 63121 65800 68526 71299 74119 76986 79900 82861 85869 88924 92026 95175 98371 101614 104904 108241 111625 115056 118534 122059 125631 129250 132916 136629 140389 144196 148050 151951 155899 159894 163936 
1128 2304 3528 4800 6120 7488 8904 10368 11880 13440 15048 16704 18408 20160 21960 23808 25704 27648 29640 31680 33768 35904 38088 40320 42600 44928 47304 49728 52200 54720 57288 59904 62568 65280 68040 70848 73704 76608 79560 82560 85608 88704 91848 95040 98280 101568 104904 108288 111720 115200 118728 122304 125928 129600 133320 137088 140904 144768 148680 152640 156648 160704 164808 168960 
1176 2401 3675 4998 6370 7791 9261 10780 12348 13965 15631 17346 19110 20923 22785 24696 26656 28665 30723 32830 34986 37191 39445 41748 44100 46501 48951 51450 53998 56595 59241 61936 64680 67473 70315 73206 76146 79135 82173 85260 88396 91581 94815 98098 101430 104811 108241 111720 115248 118825 122451 126126 129850 133623 137445 141316 145236 149205 153223 157290 161406 165571 169785 174048 
1225 2500 3825 5200 6625 8100 9625 11200 12825 14500 16225 18000 19825 21700 23625 25600 27625 29700 31825 34000 36225 38500 40825 43200 45625 48100 50625 53200 55825 58500 61225 64000 66825 69700 72625 75600 78625 81700 84825 88000 91225 94500 97825 101200 104625 108100 111625 115200 118825 122500 126225 130000 133825 137700 141625 145600 149625 153700 157825 162000 166225 170500 174825 179200 
1275 2601 3978 5406 6885 8415 9996 11628 13311 15045 16830 18666 20553 22491 24480 26520 28611 30753 32946 35190 37485 39831 42228 44676 47175 49725 52326 54978 57681 60435 63240 66096 69003 71961 74970 78030 81141 84303 87516 90780 94095 97461 100878 104346 107865 111435 115056 118728 122451 126225 130050 133926 137853 141831 145860 149940 154071 158253 162486 166770 171105 175491 179928 184416 
1326 2704 4134 5616 7150 8736 10374 12064 13806 15600 17446 19344 21294 23296 25350 27456 29614 31824 34086 36400 38766 41184 43654 46176 48750 51376 54054 56784 59566 62400 65286 68224 71214 74256 77350 80496 83694 86944 90246 93600 97006 100464 103974 107536 111150 114816 118534 122304 126126 130000 133926 137904 141934 146016 150150 154336 158574 162864 167206 171600 176046 180544 185094 189696 
1378 2809 4293 5830 7420 9063 10759 12508 14310 16165 18073 20034 22048 24115 26235 28408 30634 32913 35245 37630 40068 42559 45103 47700 50350 53053 55809 58618 61480 64395 67363 70384 73458 76585 79765 82998 86284 89623 93015 96460 99958 103509 107113 110770 114480 118243 122059 125928 129850 133825 137853 141934 146068 150255 154495 158788 163134 167533 171985 176490 181048 185659 190323 195040 
1431 2916 4455 6048 7695 9396 11151 12960 14823 16740 18711 20736 22815 24948 27135 29376 31671 34020 36423 38880 41391 43956 46575 49248 51975 54756 57591 60480 63423 66420 69471 72576 75735 78948 82215 85536 88911 92340 95823 99360 102951 106596 110295 114048 117855 121716 125631 129600 133623 137700 141831 146016 150255 154548 158895 163296 167751 172260 176823 181440 186111 190836 195615 200448 
1485 3025 4620 6270 7975 9735 11550 13420 15345 17325 19360 21450 23595 25795 28050 30360 32725 35145 37620 40150 42735 45375 48070 50820 53625 56485 59400 62370 65395 68475 71610 74800 78045 81345 84700 88110 91575 95095 98670 102300 105985 109725 113520 117370 121275 125235 129250 133320 137445 141625 145860 150150 154495 158895 163350 167860 172425 177045 181720 186450 191235 196075 200970 205920 
1540 3136 4788 6496 8260 10080 11956 13888 15876 17920 20020 22176 24388 26656 28980 31360 33796 36288 38836 41440 44100 46816 49588 52416 55300 58240 61236 64288 67396 70560 73780 77056 80388 83776 87220 90720 94276 97888 101556 105280 109060 112896 116788 120736 124740 128800 132916 137088 141316 145600 149940 154336 158788 163296 167860 172480 177156 181888 186676 191520 196420 201376 206388 211456 
1596 3249 4959 6726 8550 10431 12369 14364 16416 18525 20691 22914 25194 27531 29925 32376 34884 37449 40071 42750 45486 48279 51129 54036 57000 60021 63099 66234 69426 72675 75981 79344 82764 86241 89775 93366 97014 100719 104481 108300 112176 116109 120099 124146 128250 132411 136629 140904 145236 149625 154071 158574 163134 167751 172425 177156 181944 186789 191691 196650 201666 206739 211869 217056 
1653 3364 5133 6960 8845 10788 12789 14848 16965 19140 21373 23664 26013 28420 30885 33408 35989 38628 41325 44080 46893 49764 52693 55680 58725 61828 64989 68208 71485 74820 78213 81664 85173 88740 92365 96048 99789 103588 107445 111360 115333 119364 123453 127600 131805 136068 140389 144768 149205 153700 158253 162864 167533 172260 177045 181888 186789 191748 196765 201840 206973 212164 217413 222720 
1711 3481 5310 7198 9145 11151 13216 15340 17523 19765 22066 24426 26845 29323 31860 34456 37111 39825 42598 45430 48321 51271 54280 57348 60475 63661 66906 70210 73573 76995 80476 84016 87615 91273 94990 98766 102601 106495 110448 114460 118531 122661 126850 131098 135405 139771 144196 148680 153223 157825 162486 167206 171985 176823 181720 186676 191691 196765 201898 207090 212341 217651 223020 228448 
1770 3600 5490 7440 9450 11520 13650 15840 18090 20400 22770 25200 27690 30240 32850 35520 38250 41040 43890 46800 49770 52800 55890 59040 62250 65520 68850 72240 75690 79200 82770 86400 90090 93840 97650 101520 105450 109440 113490 117600 121770 126000 130290 134640 139050 143520 148050 152640 157290 162000 166770 171600 176490 181440 186450 191520 196650 201840 207090 212400 217770 223200 228690 234240 
1830 3721 5673 7686 9760 11895 14091 16348 18666 21045 23485 25986 28548 31171 33855 36600 39406 42273 45201 48190 51240 54351 57523 60756 64050 67405 70821 74298 77836 81435 85095 88816 92598 96441 100345 104310 108336 112423 116571 120780 125050 129381 133773 138226 142740 147315 151951 156648 161406 166225 171105 176046 181048 186111 191235 196420 201666 206973 212341 217770 223260 228811 234423 240096 
1891 3844 5859 7936 10075 12276 14539 16864 19251 21700 24211 26784 29419 32116 34875 37696 40579 43524 46531 49600 52731 55924 59179 62496 65875 69316 72819 76384 80011 83700 87451 91264 95139 99076 103075 107136 111259 115444 119691 124000 128371 132804 137299 141856 146475 151156 155899 160704 165571 170500 175491 180544 185659 190836 196075 201376 206739 212164 217651 223200 228811 234484 240219 246016 
1953 3969 6048 8190 10395 12663 14994 17388 19845 22365 24948 27594 30303 33075 35910 38808 41769 44793 47880 51030 54243 57519 60858 64260 67725 71253 74844 78498 82215 85995 89838 93744 97713 101745 105840 109998 114219 118503 122850 127260 131733 136269 140868 145530 150255 155043 159894 164808 169785 174825 179928 185094 190323 195615 200970 206388 211869 217413 223020 228690 234423 240219 246078 252000 
2016 4096 6240 8448 10720 13056 15456 17920 20448 23040 25696 28416 31200 34048 36960 39936 42976 46080 49248 52480 55776 59136 62560 66048 69600 73216 76896 80640 84448 88320 92256 96256 100320 104448 108640 112896 117216 121600 126048 130560 135136 139776 144480 149248 154080 158976 163936 168960 174048 179200 184416 189696 195040 200448 205920 211456 217056 222720 228448 234240 240096 246016 252000 258048 
